1717363983515 26.75293577873919 0
1717363987104 38.96874159510181 0
1717363989258 30.867889177487445 0
1717363995791 26.271433587992846 0
1717363999993 28.133486669739636 0
1717364010292 25.688999863826755 0
1717364020382 24.65036863243021 0
1717364023116 28.720926187871736 0
1717364029936 26.455261019033554 0
1717364035960 26.08294493276463 0
1717364041067 24.785660360279664 0
1717364045340 28.530223713592587 0
1717364047999 29.87897062305349 0
1717364052744 24.669951020257994 0
1717364059214 24.20238334680275 0
