1717363983515 5.172324021050807 0
1717363987104 6.242494821391669 0
1717363989258 5.555887793817244 0
1717363995791 5.1255666601843 0
1717363999993 5.30410092944503 0
1717364010292 5.068431696671738 0
1717364020382 4.964913758810943 0
1717364023116 5.359190814653994 0
1717364029936 5.143467800913461 0
1717364035960 5.107146456952711 0
1717364041067 4.978519896543516 0
1717364045340 5.341369086067035 0
1717364047999 5.466165989343307 0
1717364052744 4.9668854446481845 0
1717364059214 4.919591786602091 0
