1717363983685 0.6714525000717566 0
1717363987131 0.5214326108989062 0
1717363989292 0.6209175732636723 0
1717363995901 0.6773657330076874 0
1717364000083 0.6544982283046047 0
1717364010494 0.6845184860936024 0
1717364020558 0.6972737103144118 0
1717364023154 0.6472840000555041 0
1717364030095 0.6751081847749939 0
1717364036053 0.6796805248104354 0
1717364041125 0.6956122194293166 0
1717364045451 0.6496259793310772 0
1717364048050 0.6330622859553587 0
1717364052820 0.697033222892147 0
1717364059312 0.7027753287840568 0
