1717363983515 0.6714525000717566 0
1717363987104 0.5214326108989062 0
1717363989258 0.6209175732636723 0
1717363995791 0.6773657330076874 0
1717363999993 0.6544982283046047 0
1717364010292 0.6845184860936024 0
1717364020382 0.6972737103144118 0
1717364023116 0.6472840000555041 0
1717364029936 0.6751081847749939 0
1717364035960 0.6796805248104354 0
1717364041067 0.6956122194293166 0
1717364045340 0.6496259793310772 0
1717364047999 0.6330622859553587 0
1717364052744 0.697033222892147 0
1717364059214 0.7027753287840568 0
