1717363983515 3.341844396061385 0
1717363987104 4.219143142306118 0
1717363989258 3.6714351263182254 0
1717363995791 3.3210084471701498 0
1717363999993 3.4605861870156347 0
1717364010292 3.299142909350508 0
1717364020382 3.2801392059594994 0
1717364023116 3.4902358248934737 0
1717364029936 3.384916833393174 0
1717364035960 3.323916924052877 0
1717364041067 3.23365652419934 0
1717364045340 3.5027169024341904 0
1717364047999 3.5778548363091516 0
1717364052744 3.2760779544020098 0
1717364059214 3.2487582305772666 0
