1717363230340 5.370086069268862 0
1717363230671 6.336044899923993 0
1717363231176 5.617650247001616 0
1717363236164 5.357490752366866 0
1717363238562 5.4431408201543805 0
1717363247162 5.354695072530291 0
1717363255450 5.363707729018604 0
1717363256318 5.4646431328121015 0
1717363261428 5.410518705423984 0
1717363265689 5.3633599989832135 0
1717363268929 5.335419588556921 0
1717363271564 5.484068016681342 0
1717363272438 5.538069949003994 0
1717363275462 5.37159585587677 0
1717363280210 5.355041749098929 0
