1717363360510 5.370086069268862 0
1717363360853 6.336044899923993 0
1717363361354 5.617650247001616 0
1717363366373 5.357490752366866 0
1717363368836 5.4431408201543805 0
1717363377440 5.354695072530291 0
1717363385715 5.363707729018604 0
1717363386558 5.4646431328121015 0
1717363391647 5.410518705423984 0
1717363395952 5.3633599989832135 0
1717363399254 5.335419588556921 0
1717363401840 5.484068016681342 0
1717363402737 5.538069949003994 0
1717363405797 5.37159585587677 0
1717363410555 5.355041749098929 0
